x = 1.07143
y = -6.14286
z = 10.0714
~
x= 115.158
y = -138.293
z = 53.5227
p = -1.74419
~
x = 1.86128
y = 0.103486
z = -0.318777
~
x = 0.821429
y = 1.39286
z = 0.142857
~
