X1=-1.25		X2=1.5		
X1=-0.986842		X2=0.171053		X3=-1.20395		
X1=0.420841		X2=-0.453086		X3=-0.34126		X4=-0.011926		
